0.000	0.41578
0.020	0.41983
0.040	0.51228
0.060	0.44565
0.080	0.57955
0.100	0.50906
0.120	0.73187
0.140	0.96126
0.160	0.95649
0.180	0.98689
0.200	1.01757
0.220	0.97591
0.240	0.77137
0.260	1.01389
0.280	1.11635
0.300	0.84273
0.320	0.82350
0.340	0.69140
0.360	0.59693
0.380	0.65220
0.400	0.83998
0.420	0.88797
0.440	0.92692
0.460	0.99795
0.480	0.97866
0.500	1.26402
0.520	1.53518
0.540	1.51599
0.560	1.35416
0.580	1.17512
0.600	1.00544
0.620	0.97761
0.640	0.91227
0.660	0.85139
0.680	0.84326
0.700	0.82772
0.720	0.79118
0.740	0.79981
0.760	0.88175
0.780	1.00307
0.800	1.16505
0.820	1.27930
0.840	1.34621
0.860	1.36581
0.880	1.33199
0.900	1.27712
0.920	1.26139
0.940	1.20327
0.960	1.13257
0.980	1.06666
1.000	1.02416
1.020	0.99326
1.040	0.96490
1.060	0.93675
1.080	0.91140
1.100	0.89103
1.120	0.87774
1.140	0.87080
1.160	0.86672
1.180	0.86098
1.200	0.84945
1.220	0.82906
1.240	0.79814
1.260	0.75886
1.280	0.71420
1.300	0.68230
1.320	0.64716
1.340	0.61230
1.360	0.58121
1.380	0.55652
1.400	0.53993
1.420	0.53187
1.440	0.53143
1.460	0.53671
1.480	0.54530
1.500	0.55510
1.520	0.56365
1.540	0.56945
1.560	0.57145
1.580	0.56896
1.600	0.56168
1.620	0.54966
1.640	0.53344
1.660	0.51341
1.680	0.49013
1.700	0.46436
1.720	0.43702
1.740	0.40868
1.760	0.38008
1.780	0.35199
1.800	0.32503
1.820	0.29966
1.840	0.27649
1.860	0.25591
1.880	0.23821
1.900	0.22355
1.920	0.21187
1.940	0.20323
1.960	0.19721
1.980	0.19365
2.000	0.19196
2.020	0.19191
2.040	0.19294
2.060	0.19469
2.080	0.19684
2.100	0.19907
2.120	0.20114
2.140	0.20285
2.160	0.20414
2.180	0.20479
2.200	0.20486
2.220	0.20421
2.240	0.20288
2.260	0.20092
2.280	0.19831
2.300	0.19511
2.320	0.19138
2.340	0.18718
2.360	0.18262
2.380	0.17771
2.400	0.17560
2.420	0.17661
2.440	0.17719
2.460	0.17739
2.480	0.17723
2.500	0.17670
2.520	0.17588
2.540	0.17476
2.560	0.17336
2.580	0.17169
2.600	0.16983
2.620	0.16775
2.640	0.16546
2.660	0.16304
2.680	0.16043
2.700	0.15772
2.720	0.15487
2.740	0.15195
2.760	0.14891
2.780	0.14586
2.800	0.14273
2.820	0.13958
2.840	0.13642
2.860	0.13324
2.880	0.13007
2.900	0.12694
2.920	0.12383
2.940	0.12075
2.960	0.11771
2.980	0.11474
3.000	0.11184
3.020	0.10900
3.040	0.10622
3.060	0.10352
3.080	0.10090
3.100	0.09835
3.120	0.09589
3.140	0.09352
3.160	0.09123
3.180	0.08903
3.200	0.08692
3.220	0.08489
3.240	0.08295
3.260	0.08109
3.280	0.07931
3.300	0.07762
3.320	0.07600
3.340	0.07446
3.360	0.07299
3.380	0.07159
3.400	0.07026
3.420	0.06899
3.440	0.06779
3.460	0.06665
3.480	0.06556
3.500	0.06453
3.520	0.06355
3.540	0.06262
3.560	0.06173
3.580	0.06089
3.600	0.06009
3.620	0.05933
3.640	0.05860
3.660	0.05791
3.680	0.05725
3.700	0.05662
3.720	0.05602
3.740	0.05544
3.760	0.05488
3.780	0.05435
3.800	0.05384
3.820	0.05335
3.840	0.05287
3.860	0.05241
3.880	0.05197
3.900	0.05154
3.920	0.05112
3.940	0.05071
3.960	0.05031
3.980	0.04992
4.000	0.04954
4.020	0.04917
4.040	0.04881
4.060	0.04845
4.080	0.04809
4.100	0.04775
4.120	0.04740
4.140	0.04706
4.160	0.04672
4.180	0.04639
4.200	0.04606
4.220	0.04573
4.240	0.04541
4.260	0.04508
4.280	0.04476
4.300	0.04444
4.320	0.04412
4.340	0.04380
4.360	0.04348
4.380	0.04316
4.400	0.04285
4.420	0.04253
4.440	0.04222
4.460	0.04190
4.480	0.04159
4.500	0.04127
4.520	0.04096
4.540	0.04065
4.560	0.04033
4.580	0.04002
4.600	0.03971
4.620	0.03940
4.640	0.03909
4.660	0.03878
4.680	0.03847
4.700	0.03816
4.720	0.03785
4.740	0.03754
4.760	0.03724
4.780	0.03693
4.800	0.03663
4.820	0.03632
4.840	0.03602
4.860	0.03572
4.880	0.03542
4.900	0.03512
4.920	0.03482
4.940	0.03452
4.960	0.03423
4.980	0.03393
5.000	0.03364
5.020	0.03335
5.040	0.03306
5.060	0.03277
5.080	0.03248
5.100	0.03220
5.120	0.03191
5.140	0.03163
5.160	0.03135
5.180	0.03107
5.200	0.03080
5.220	0.03052
5.240	0.03025
5.260	0.02998
5.280	0.02971
5.300	0.02945
5.320	0.02918
5.340	0.02892
5.360	0.02866
5.380	0.02840
5.400	0.02814
5.420	0.02789
5.440	0.02764
5.460	0.02739
5.480	0.02714
5.500	0.02690
5.520	0.02665
5.540	0.02641
5.560	0.02617
5.580	0.02594
5.600	0.02570
5.620	0.02547
5.640	0.02524
5.660	0.02502
5.680	0.02479
5.700	0.02457
5.720	0.02435
5.740	0.02413
5.760	0.02391
5.780	0.02370
5.800	0.02349
5.820	0.02328
5.840	0.02307
5.860	0.02287
5.880	0.02266
5.900	0.02246
5.920	0.02226
5.940	0.02207
5.960	0.02187
5.980	0.02168
6.000	0.02149
6.020	0.02130
6.040	0.02112
6.060	0.02093
6.080	0.02075
6.100	0.02057
6.120	0.02039
6.140	0.02022
6.160	0.02004
6.180	0.01987
6.200	0.01970
6.220	0.01953
6.240	0.01937
6.260	0.01920
6.280	0.01904
6.300	0.01888
6.320	0.01872
6.340	0.01857
6.360	0.01841
6.380	0.01826
6.400	0.01811
6.420	0.01796
6.440	0.01781
6.460	0.01766
6.480	0.01752
6.500	0.01738
6.520	0.01724
6.540	0.01710
6.560	0.01696
6.580	0.01682
6.600	0.01669
6.620	0.01656
6.640	0.01642
6.660	0.01629
6.680	0.01617
6.700	0.01604
6.720	0.01591
6.740	0.01579
6.760	0.01567
6.780	0.01555
6.800	0.01543
6.820	0.01531
6.840	0.01519
6.860	0.01508
6.880	0.01496
6.900	0.01485
6.920	0.01474
6.940	0.01463
6.960	0.01452
6.980	0.01441
7.000	0.01431
7.020	0.01420
7.040	0.01410
7.060	0.01399
7.080	0.01389
7.100	0.01379
7.120	0.01369
7.140	0.01359
7.160	0.01350
7.180	0.01340
7.200	0.01331
7.220	0.01321
7.240	0.01312
7.260	0.01303
7.280	0.01294
7.300	0.01285
7.320	0.01276
7.340	0.01268
7.360	0.01259
7.380	0.01251
7.400	0.01242
7.420	0.01234
7.440	0.01226
7.460	0.01217
7.480	0.01209
7.500	0.01201
7.520	0.01194
7.540	0.01186
7.560	0.01178
7.580	0.01170
7.600	0.01163
7.620	0.01155
7.640	0.01148
7.660	0.01141
7.680	0.01134
7.700	0.01126
7.720	0.01119
7.740	0.01112
7.760	0.01105
7.780	0.01099
7.800	0.01092
7.820	0.01085
7.840	0.01078
7.860	0.01072
7.880	0.01065
7.900	0.01059
7.920	0.01053
7.940	0.01046
7.960	0.01040
7.980	0.01034
8.000	0.01028
