0.000	0.72758
0.020	0.73323
0.040	0.89205
0.060	1.14360
0.080	1.07437
0.100	0.87014
0.120	0.97127
0.140	0.86379
0.160	0.85590
0.180	1.13067
0.200	1.54513
0.220	1.62312
0.240	1.67430
0.260	2.07323
0.280	2.04066
0.300	2.17892
0.320	2.27642
0.340	2.03941
0.360	1.75768
0.380	1.57521
0.400	1.62049
0.420	1.73015
0.440	1.75662
0.460	1.70651
0.480	1.54619
0.500	1.61095
0.520	1.60059
0.540	1.60098
0.560	1.65284
0.580	1.59168
0.600	1.45170
0.620	1.28343
0.640	1.06637
0.660	0.92251
0.680	0.88398
0.700	0.85086
0.720	0.88456
0.740	0.90632
0.760	0.91193
0.780	0.90064
0.800	0.87579
0.820	0.83821
0.840	0.79056
0.860	0.80728
0.880	0.84750
0.900	0.86386
0.920	0.85809
0.940	0.83490
0.960	0.79850
0.980	0.75283
1.000	0.72286
1.020	0.70598
1.040	0.68046
1.060	0.64733
1.080	0.60779
1.100	0.56341
1.120	0.51592
1.140	0.47244
1.160	0.44849
1.180	0.42462
1.200	0.40977
1.220	0.40207
1.240	0.39400
1.260	0.38631
1.280	0.37860
1.300	0.37156
1.320	0.36485
1.340	0.35870
1.360	0.35322
1.380	0.34816
1.400	0.34354
1.420	0.33947
1.440	0.33558
1.460	0.33177
1.480	0.32826
1.500	0.32465
1.520	0.32084
1.540	0.31704
1.560	0.31297
1.580	0.30854
1.600	0.30399
1.620	0.29912
1.640	0.29386
1.660	0.28847
1.680	0.28281
1.700	0.28084
1.720	0.29121
1.740	0.29877
1.760	0.30439
1.780	0.30979
1.800	0.31420
1.820	0.31574
1.840	0.31410
1.860	0.30918
1.880	0.30153
1.900	0.29120
1.920	0.28685
1.940	0.28608
1.960	0.28455
1.980	0.28237
2.000	0.27965
2.020	0.27644
2.040	0.27279
2.060	0.26871
2.080	0.26427
2.100	0.25953
2.120	0.25453
2.140	0.24927
2.160	0.24382
2.180	0.23900
2.200	0.23626
2.220	0.23353
2.240	0.23069
2.260	0.22778
2.280	0.22489
2.300	0.22192
2.320	0.21893
2.340	0.21595
2.360	0.21291
2.380	0.20981
2.400	0.20678
2.420	0.20371
2.440	0.20059
2.460	0.19744
2.480	0.19434
2.500	0.19121
2.520	0.18805
2.540	0.18486
2.560	0.18542
2.580	0.18826
2.600	0.19042
2.620	0.19197
2.640	0.19314
2.660	0.19388
2.680	0.19406
2.700	0.19361
2.720	0.19246
2.740	0.19054
2.760	0.18782
2.780	0.18429
2.800	0.18001
2.820	0.17505
2.840	0.16941
2.860	0.16315
2.880	0.15634
2.900	0.14905
2.920	0.14133
2.940	0.13985
2.960	0.14241
2.980	0.14464
3.000	0.14652
3.020	0.14805
3.040	0.14924
3.060	0.15009
3.080	0.15063
3.100	0.15088
3.120	0.15086
3.140	0.15062
3.160	0.15023
3.180	0.14971
3.200	0.14904
3.220	0.14818
3.240	0.14713
3.260	0.14588
3.280	0.14446
3.300	0.14286
3.320	0.14110
3.340	0.13919
3.360	0.13714
3.380	0.13497
3.400	0.13268
3.420	0.13029
3.440	0.12782
3.460	0.12528
3.480	0.12267
3.500	0.12003
3.520	0.11736
3.540	0.11467
3.560	0.11198
3.580	0.10927
3.600	0.10656
3.620	0.10386
3.640	0.10117
3.660	0.09850
3.680	0.09604
3.700	0.09418
3.720	0.09230
3.740	0.09040
3.760	0.08848
3.780	0.08654
3.800	0.08458
3.820	0.08261
3.840	0.08065
3.860	0.07867
3.880	0.07671
3.900	0.07699
3.920	0.07840
3.940	0.07967
3.960	0.08080
3.980	0.08179
4.000	0.08265
4.020	0.08338
4.040	0.08398
4.060	0.08445
4.080	0.08482
4.100	0.08507
4.120	0.08521
4.140	0.08527
4.160	0.08523
4.180	0.08510
4.200	0.08489
4.220	0.08461
4.240	0.08436
4.260	0.08475
4.280	0.08507
4.300	0.08535
4.320	0.08557
4.340	0.08569
4.360	0.08571
4.380	0.08565
4.400	0.08550
4.420	0.08527
4.440	0.08496
4.460	0.08460
4.480	0.08417
4.500	0.08368
4.520	0.08313
4.540	0.08252
4.560	0.08184
4.580	0.08112
4.600	0.08035
4.620	0.07954
4.640	0.07870
4.660	0.07784
4.680	0.07697
4.700	0.07614
4.720	0.07530
4.740	0.07447
4.760	0.07365
4.780	0.07284
4.800	0.07207
4.820	0.07133
4.840	0.07062
4.860	0.06994
4.880	0.06968
4.900	0.06942
4.920	0.06914
4.940	0.06885
4.960	0.06855
4.980	0.06825
5.000	0.06793
5.020	0.06781
5.040	0.06770
5.060	0.06757
5.080	0.06744
5.100	0.06728
5.120	0.06712
5.140	0.06694
5.160	0.06676
5.180	0.06656
5.200	0.06636
5.220	0.06615
5.240	0.06593
5.260	0.06570
5.280	0.06546
5.300	0.06522
5.320	0.06497
5.340	0.06471
5.360	0.06444
5.380	0.06417
5.400	0.06390
5.420	0.06361
5.440	0.06333
5.460	0.06304
5.480	0.06274
5.500	0.06245
5.520	0.06214
5.540	0.06184
5.560	0.06153
5.580	0.06122
5.600	0.06090
5.620	0.06058
5.640	0.06027
5.660	0.05994
5.680	0.05962
5.700	0.05930
5.720	0.05904
5.740	0.05880
5.760	0.05856
5.780	0.05832
5.800	0.05808
5.820	0.05783
5.840	0.05757
5.860	0.05732
5.880	0.05706
5.900	0.05679
5.920	0.05652
5.940	0.05625
5.960	0.05597
5.980	0.05569
6.000	0.05540
6.020	0.05511
6.040	0.05481
6.060	0.05451
6.080	0.05421
6.100	0.05390
6.120	0.05359
6.140	0.05327
6.160	0.05295
6.180	0.05263
6.200	0.05231
6.220	0.05198
6.240	0.05165
6.260	0.05131
6.280	0.05098
6.300	0.05065
6.320	0.05031
6.340	0.04998
6.360	0.04964
6.380	0.04931
6.400	0.04897
6.420	0.04863
6.440	0.04829
6.460	0.04795
6.480	0.04767
6.500	0.04738
6.520	0.04709
6.540	0.04680
6.560	0.04650
6.580	0.04620
6.600	0.04590
6.620	0.04559
6.640	0.04528
6.660	0.04497
6.680	0.04466
6.700	0.04434
6.720	0.04402
6.740	0.04370
6.760	0.04337
6.780	0.04304
6.800	0.04271
6.820	0.04238
6.840	0.04205
6.860	0.04172
6.880	0.04139
6.900	0.04106
6.920	0.04073
6.940	0.04040
6.960	0.04008
6.980	0.03976
7.000	0.03944
7.020	0.03912
7.040	0.03880
7.060	0.03847
7.080	0.03814
7.100	0.03782
7.120	0.03749
7.140	0.03716
7.160	0.03683
7.180	0.03653
7.200	0.03624
7.220	0.03595
7.240	0.03574
7.260	0.03560
7.280	0.03546
7.300	0.03532
7.320	0.03518
7.340	0.03504
7.360	0.03489
7.380	0.03475
7.400	0.03461
7.420	0.03446
7.440	0.03431
7.460	0.03417
7.480	0.03402
7.500	0.03387
7.520	0.03372
7.540	0.03357
7.560	0.03342
7.580	0.03327
7.600	0.03312
7.620	0.03296
7.640	0.03281
7.660	0.03266
7.680	0.03251
7.700	0.03235
7.720	0.03220
7.740	0.03204
7.760	0.03189
7.780	0.03174
7.800	0.03158
7.820	0.03144
7.840	0.03133
7.860	0.03121
7.880	0.03109
7.900	0.03098
7.920	0.03086
7.940	0.03074
7.960	0.03062
7.980	0.03050
8.000	0.03038
